165 169
166 169
168 169
170 169
165 170
166 170
167 170
168 170
169 170
170 170
248 170
249 170
250 170
251 170
165 171
166 171
167 171
168 171
169 171
170 171
171 171
248 171
249 171
250 171
251 171
165 172
166 172
167 172
168 172
169 172
170 172
245 172
247 172
248 172
249 172
250 172
251 172
165 173
166 173
167 173
168 173
169 173
170 173
171 173
245 173
246 173
247 173
248 173
251 173
165 174
166 174
167 174
168 174
169 174
170 174
245 174
248 174
165 175
166 175
167 175
168 175
169 175
170 175
171 175
245 175
248 175
165 176
166 176
167 176
168 176
169 176
170 176
171 176
245 176
258 176
165 177
166 177
167 177
168 177
169 177
170 177
171 177
182 177
183 177
184 177
245 177
248 177
249 177
256 177
257 177
258 177
156 178
157 178
160 178
161 178
162 178
163 178
164 178
165 178
166 178
167 178
168 178
169 178
170 178
171 178
182 178
183 178
184 178
185 178
186 178
187 178
245 178
246 178
248 178
249 178
250 178
256 178
257 178
258 178
148 179
149 179
151 179
152 179
155 179
156 179
157 179
158 179
159 179
160 179
161 179
162 179
163 179
164 179
165 179
166 179
167 179
168 179
169 179
170 179
171 179
182 179
183 179
184 179
185 179
186 179
187 179
245 179
249 179
250 179
101 180
103 180
104 180
105 180
106 180
107 180
109 180
117 180
120 180
123 180
124 180
125 180
131 180
132 180
133 180
134 180
135 180
139 180
140 180
141 180
142 180
144 180
146 180
147 180
148 180
149 180
150 180
151 180
152 180
153 180
154 180
155 180
156 180
157 180
158 180
159 180
160 180
161 180
162 180
163 180
164 180
165 180
166 180
167 180
168 180
169 180
170 180
171 180
182 180
183 180
184 180
185 180
186 180
187 180
188 180
244 180
251 180
101 181
102 181
103 181
104 181
105 181
106 181
107 181
108 181
109 181
110 181
111 181
112 181
113 181
115 181
116 181
117 181
118 181
119 181
120 181
121 181
124 181
125 181
127 181
131 181
132 181
133 181
134 181
135 181
136 181
139 181
140 181
141 181
142 181
144 181
146 181
147 181
148 181
149 181
150 181
151 181
152 181
153 181
154 181
155 181
156 181
157 181
158 181
159 181
160 181
161 181
162 181
163 181
164 181
165 181
166 181
167 181
168 181
169 181
170 181
171 181
182 181
183 181
184 181
185 181
186 181
187 181
188 181
189 181
100 182
101 182
102 182
103 182
104 182
105 182
106 182
107 182
108 182
109 182
110 182
111 182
112 182
113 182
115 182
116 182
117 182
118 182
119 182
120 182
121 182
123 182
124 182
125 182
127 182
130 182
131 182
132 182
133 182
134 182
135 182
136 182
137 182
138 182
139 182
140 182
141 182
142 182
143 182
144 182
145 182
146 182
147 182
148 182
149 182
150 182
151 182
152 182
153 182
154 182
155 182
156 182
157 182
158 182
159 182
160 182
161 182
162 182
163 182
164 182
165 182
166 182
167 182
168 182
169 182
170 182
171 182
182 182
183 182
184 182
185 182
186 182
187 182
188 182
189 182
190 182
191 182
192 182
100 183
101 183
102 183
103 183
104 183
105 183
106 183
107 183
108 183
109 183
110 183
111 183
112 183
113 183
114 183
115 183
116 183
117 183
118 183
119 183
120 183
121 183
122 183
123 183
124 183
125 183
126 183
127 183
128 183
129 183
130 183
131 183
132 183
133 183
134 183
135 183
136 183
137 183
138 183
139 183
140 183
141 183
142 183
143 183
144 183
145 183
146 183
147 183
148 183
149 183
150 183
151 183
152 183
153 183
154 183
155 183
156 183
157 183
158 183
159 183
160 183
161 183
162 183
163 183
164 183
165 183
166 183
167 183
168 183
169 183
170 183
171 183
182 183
183 183
184 183
185 183
186 183
187 183
188 183
189 183
190 183
191 183
192 183
193 183
197 183
100 184
101 184
102 184
103 184
104 184
105 184
106 184
107 184
108 184
109 184
110 184
111 184
112 184
113 184
114 184
115 184
116 184
117 184
118 184
119 184
120 184
121 184
122 184
123 184
124 184
125 184
126 184
127 184
128 184
129 184
130 184
131 184
132 184
133 184
134 184
135 184
136 184
137 184
138 184
139 184
140 184
141 184
142 184
143 184
144 184
145 184
146 184
147 184
148 184
149 184
150 184
151 184
152 184
153 184
154 184
155 184
156 184
157 184
158 184
159 184
160 184
161 184
162 184
163 184
164 184
165 184
166 184
167 184
168 184
169 184
170 184
171 184
182 184
183 184
184 184
185 184
186 184
187 184
188 184
189 184
192 184
100 185
101 185
102 185
103 185
104 185
105 185
106 185
107 185
108 185
109 185
110 185
111 185
112 185
113 185
114 185
115 185
116 185
117 185
118 185
119 185
120 185
121 185
122 185
123 185
124 185
125 185
126 185
127 185
128 185
129 185
130 185
131 185
132 185
133 185
134 185
135 185
136 185
137 185
138 185
139 185
140 185
141 185
142 185
143 185
144 185
145 185
146 185
147 185
148 185
149 185
150 185
151 185
152 185
153 185
154 185
155 185
156 185
157 185
158 185
159 185
160 185
161 185
162 185
163 185
164 185
165 185
166 185
167 185
168 185
169 185
170 185
171 185
182 185
183 185
100 186
101 186
102 186
103 186
104 186
105 186
106 186
107 186
108 186
109 186
110 186
111 186
112 186
113 186
114 186
115 186
116 186
117 186
118 186
119 186
120 186
121 186
122 186
123 186
124 186
125 186
126 186
127 186
128 186
129 186
130 186
131 186
132 186
133 186
134 186
135 186
136 186
137 186
138 186
139 186
140 186
141 186
142 186
143 186
144 186
145 186
146 186
147 186
148 186
149 186
150 186
151 186
152 186
153 186
154 186
155 186
156 186
157 186
158 186
159 186
160 186
161 186
162 186
163 186
164 186
165 186
166 186
167 186
168 186
169 186
170 186
171 186
100 187
101 187
102 187
103 187
104 187
105 187
106 187
107 187
108 187
109 187
110 187
111 187
112 187
113 187
114 187
115 187
116 187
117 187
118 187
119 187
120 187
121 187
122 187
123 187
124 187
125 187
126 187
127 187
128 187
129 187
130 187
131 187
132 187
133 187
134 187
135 187
136 187
137 187
138 187
139 187
140 187
141 187
142 187
143 187
144 187
145 187
146 187
147 187
148 187
149 187
150 187
151 187
152 187
153 187
154 187
155 187
156 187
157 187
158 187
159 187
160 187
161 187
162 187
163 187
164 187
165 187
166 187
100 188
101 188
102 188
103 188
104 188
105 188
106 188
107 188
108 188
109 188
110 188
111 188
112 188
113 188
114 188
115 188
116 188
117 188
118 188
119 188
120 188
121 188
122 188
123 188
124 188
125 188
126 188
127 188
128 188
129 188
130 188
131 188
132 188
133 188
134 188
135 188
136 188
137 188
138 188
139 188
140 188
141 188
142 188
143 188
144 188
145 188
146 188
147 188
148 188
101 189
102 189
103 189
104 189
105 189
106 189
107 189
108 189
109 189
110 189
111 189
112 189
113 189
114 189
115 189
116 189
117 189
118 189
119 189
120 189
121 189
122 189
123 189
124 189
125 189
126 189
127 189
128 189
130 189
132 189
101 190
102 190
103 190
104 190
105 190
106 190
107 190
108 190
109 190
110 190
111 190
112 190
101 191
163 298
347 507
348 507
